9600011 Tue Mar 21 02:00:00 2017 Chegou

9600008 Tue Mar 21 02:00:00 2017 Chegou
9600010 Tue Mar 21 02:00:00 2017 Chegou

9600009 Tue Mar 21 02:00:00 2017 Chegou
9600012 Tue Mar 21 02:00:00 2017 Chegou
9600016 Tue Mar 21 03:00:00 2017 Chegou
9600013 Tue Mar 21 03:00:00 2017 Chegou

9600015 Tue Mar 21 03:00:00 2017 Chegou
9600018 Tue Mar 21 04:00:00 2017 Chegou
9600017 Tue Mar 21 04:00:00 2017 Chegou
Acabou aqui
9600011 Tue Mar 21 02:00:00 2017 Fila de Triagem

9600008 Tue Mar 21 02:00:00 2017 Chegou
9600009 Tue Mar 21 02:00:00 2017 Chegou

9600010 Tue Mar 21 02:00:00 2017 Chegou
9600015 Tue Mar 21 03:00:00 2017 Chegou
9600012 Tue Mar 21 02:00:00 2017 Chegou
9600016 Tue Mar 21 03:00:00 2017 Chegou

9600013 Tue Mar 21 03:00:00 2017 Chegou
9600017 Tue Mar 21 04:00:00 2017 Chegou
9600018 Tue Mar 21 04:00:00 2017 Chegou
Acabou aqui
9600008 Tue Mar 21 02:00:00 2017 Chegou

9600010 Tue Mar 21 02:00:00 2017 Chegou
9600009 Tue Mar 21 02:00:00 2017 Chegou

9600013 Tue Mar 21 03:00:00 2017 Chegou
9600015 Tue Mar 21 03:00:00 2017 Chegou
9600012 Tue Mar 21 02:00:00 2017 Chegou
9600011 Tue Mar 21 02:12:00 2017 Sendo Triado

9600016 Tue Mar 21 03:00:00 2017 Chegou
9600018 Tue Mar 21 04:00:00 2017 Chegou
9600017 Tue Mar 21 04:00:00 2017 Chegou
Acabou aqui
9600008 Tue Mar 21 02:00:00 2017 Fila de Triagem

9600010 Tue Mar 21 02:00:00 2017 Chegou
9600013 Tue Mar 21 03:00:00 2017 Chegou

9600009 Tue Mar 21 02:00:00 2017 Chegou
9600016 Tue Mar 21 03:00:00 2017 Chegou
9600015 Tue Mar 21 03:00:00 2017 Chegou
9600012 Tue Mar 21 02:00:00 2017 Chegou

9600011 Tue Mar 21 02:12:00 2017 Sendo Triado
9600017 Tue Mar 21 04:00:00 2017 Chegou
9600018 Tue Mar 21 04:00:00 2017 Chegou
Acabou aqui
9600010 Tue Mar 21 02:00:00 2017 Chegou

9600009 Tue Mar 21 02:00:00 2017 Chegou
9600013 Tue Mar 21 03:00:00 2017 Chegou

9600011 Tue Mar 21 02:12:00 2017 Sendo Triado
9600016 Tue Mar 21 03:00:00 2017 Chegou
9600015 Tue Mar 21 03:00:00 2017 Chegou
9600012 Tue Mar 21 02:00:00 2017 Chegou

9600008 Tue Mar 21 02:12:00 2017 Sendo Triado
9600018 Tue Mar 21 04:00:00 2017 Chegou
9600017 Tue Mar 21 04:00:00 2017 Chegou
Acabou aqui
9600010 Tue Mar 21 02:00:00 2017 Fila de Triagem

9600009 Tue Mar 21 02:00:00 2017 Chegou
9600011 Tue Mar 21 02:12:00 2017 Sendo Triado

9600013 Tue Mar 21 03:00:00 2017 Chegou
9600008 Tue Mar 21 02:12:00 2017 Sendo Triado
9600016 Tue Mar 21 03:00:00 2017 Chegou
9600015 Tue Mar 21 03:00:00 2017 Chegou

9600012 Tue Mar 21 02:00:00 2017 Chegou
9600017 Tue Mar 21 04:00:00 2017 Chegou
9600018 Tue Mar 21 04:00:00 2017 Chegou
Acabou aqui
9600009 Tue Mar 21 02:00:00 2017 Chegou

9600008 Tue Mar 21 02:12:00 2017 Sendo Triado
9600011 Tue Mar 21 02:12:00 2017 Sendo Triado

9600013 Tue Mar 21 03:00:00 2017 Chegou
9600018 Tue Mar 21 04:00:00 2017 Chegou
9600016 Tue Mar 21 03:00:00 2017 Chegou
9600015 Tue Mar 21 03:00:00 2017 Chegou

9600012 Tue Mar 21 02:00:00 2017 Chegou
9600010 Tue Mar 21 02:12:00 2017 Sendo Triado
9600017 Tue Mar 21 04:00:00 2017 Chegou
Acabou aqui
9600009 Tue Mar 21 02:00:00 2017 Fila de Triagem

9600011 Tue Mar 21 02:12:00 2017 Sendo Triado
9600008 Tue Mar 21 02:12:00 2017 Sendo Triado

9600016 Tue Mar 21 03:00:00 2017 Chegou
9600013 Tue Mar 21 03:00:00 2017 Chegou
9600018 Tue Mar 21 04:00:00 2017 Chegou
9600017 Tue Mar 21 04:00:00 2017 Chegou

9600015 Tue Mar 21 03:00:00 2017 Chegou
9600012 Tue Mar 21 02:00:00 2017 Chegou
9600010 Tue Mar 21 02:12:00 2017 Sendo Triado
Acabou aqui
9600011 Tue Mar 21 02:12:00 2017 Sendo Triado

9600010 Tue Mar 21 02:12:00 2017 Sendo Triado
9600008 Tue Mar 21 02:12:00 2017 Sendo Triado

9600016 Tue Mar 21 03:00:00 2017 Chegou
9600013 Tue Mar 21 03:00:00 2017 Chegou
9600018 Tue Mar 21 04:00:00 2017 Chegou
9600017 Tue Mar 21 04:00:00 2017 Chegou

9600015 Tue Mar 21 03:00:00 2017 Chegou
9600012 Tue Mar 21 02:00:00 2017 Chegou
9600009 Tue Mar 21 02:12:00 2017 Sendo Triado
Acabou aqui
9600008 Tue Mar 21 02:12:00 2017 Sendo Triado

9600010 Tue Mar 21 02:12:00 2017 Sendo Triado
9600009 Tue Mar 21 02:12:00 2017 Sendo Triado

9600016 Tue Mar 21 03:00:00 2017 Chegou
9600013 Tue Mar 21 03:00:00 2017 Chegou
9600018 Tue Mar 21 04:00:00 2017 Chegou
9600017 Tue Mar 21 04:00:00 2017 Chegou

9600015 Tue Mar 21 03:00:00 2017 Chegou
9600012 Tue Mar 21 02:00:00 2017 Chegou
9600011 Tue Mar 21 02:12:00 2017 Fila de Atendimento
Acabou aqui
9600011 Tue Mar 21 02:12:00 2017 Fila de Atendimento

9600010 Tue Mar 21 02:12:00 2017 Sendo Triado
9600009 Tue Mar 21 02:12:00 2017 Sendo Triado

9600016 Tue Mar 21 03:00:00 2017 Chegou
9600013 Tue Mar 21 03:00:00 2017 Chegou
9600018 Tue Mar 21 04:00:00 2017 Chegou
9600017 Tue Mar 21 04:00:00 2017 Chegou

9600015 Tue Mar 21 03:00:00 2017 Chegou
9600012 Tue Mar 21 02:00:00 2017 Chegou
9600008 Tue Mar 21 02:12:00 2017 Fila de Atendimento
Acabou aqui
9600008 Tue Mar 21 02:42:00 2017 Fila de Atendimento

9600010 Tue Mar 21 02:12:00 2017 Sendo Triado
9600009 Tue Mar 21 02:12:00 2017 Sendo Triado

9600016 Tue Mar 21 03:00:00 2017 Chegou
9600013 Tue Mar 21 03:00:00 2017 Chegou
9600018 Tue Mar 21 04:00:00 2017 Chegou
9600017 Tue Mar 21 04:00:00 2017 Chegou

9600015 Tue Mar 21 03:00:00 2017 Chegou
9600012 Tue Mar 21 02:00:00 2017 Chegou
9600011 Tue Mar 21 02:42:00 2017 Sendo Atendido
Acabou aqui
9600010 Tue Mar 21 02:12:00 2017 Sendo Triado

9600011 Tue Mar 21 02:42:00 2017 Sendo Atendido
9600009 Tue Mar 21 02:12:00 2017 Sendo Triado

9600016 Tue Mar 21 03:00:00 2017 Chegou
9600013 Tue Mar 21 03:00:00 2017 Chegou
9600018 Tue Mar 21 04:00:00 2017 Chegou
9600017 Tue Mar 21 04:00:00 2017 Chegou

9600015 Tue Mar 21 03:00:00 2017 Chegou
9600012 Tue Mar 21 02:00:00 2017 Chegou
9600008 Tue Mar 21 03:12:00 2017 Sendo Atendido
Acabou aqui
9600009 Tue Mar 21 02:12:00 2017 Sendo Triado

9600011 Tue Mar 21 02:42:00 2017 Sendo Atendido
9600008 Tue Mar 21 03:12:00 2017 Sendo Atendido

9600016 Tue Mar 21 03:00:00 2017 Chegou
9600013 Tue Mar 21 03:00:00 2017 Chegou
9600018 Tue Mar 21 04:00:00 2017 Chegou
9600017 Tue Mar 21 04:00:00 2017 Chegou

9600015 Tue Mar 21 03:00:00 2017 Chegou
9600012 Tue Mar 21 02:00:00 2017 Chegou
9600010 Tue Mar 21 02:12:00 2017 Fila de Atendimento
Acabou aqui
9600010 Tue Mar 21 02:12:00 2017 Fila de Atendimento

9600011 Tue Mar 21 02:42:00 2017 Sendo Atendido
9600008 Tue Mar 21 03:12:00 2017 Sendo Atendido

9600016 Tue Mar 21 03:00:00 2017 Chegou
9600013 Tue Mar 21 03:00:00 2017 Chegou
9600018 Tue Mar 21 04:00:00 2017 Chegou
9600017 Tue Mar 21 04:00:00 2017 Chegou

9600015 Tue Mar 21 03:00:00 2017 Chegou
9600012 Tue Mar 21 02:00:00 2017 Chegou
9600009 Tue Mar 21 02:12:00 2017 Fila de Atendimento
Acabou aqui
9600009 Tue Mar 21 02:42:00 2017 Fila de Atendimento

9600011 Tue Mar 21 02:42:00 2017 Sendo Atendido
9600008 Tue Mar 21 03:12:00 2017 Sendo Atendido

9600016 Tue Mar 21 03:00:00 2017 Chegou
9600013 Tue Mar 21 03:00:00 2017 Chegou
9600018 Tue Mar 21 04:00:00 2017 Chegou
9600017 Tue Mar 21 04:00:00 2017 Chegou

9600015 Tue Mar 21 03:00:00 2017 Chegou
9600012 Tue Mar 21 02:00:00 2017 Chegou
9600010 Tue Mar 21 02:42:00 2017 Sendo Atendido
Acabou aqui
9600011 Tue Mar 21 02:42:00 2017 Sendo Atendido

9600010 Tue Mar 21 02:42:00 2017 Sendo Atendido
9600008 Tue Mar 21 03:12:00 2017 Sendo Atendido

9600016 Tue Mar 21 03:00:00 2017 Chegou
9600013 Tue Mar 21 03:00:00 2017 Chegou
9600018 Tue Mar 21 04:00:00 2017 Chegou
9600017 Tue Mar 21 04:00:00 2017 Chegou

9600015 Tue Mar 21 03:00:00 2017 Chegou
9600012 Tue Mar 21 02:00:00 2017 Chegou
9600009 Tue Mar 21 03:12:00 2017 Sendo Atendido
Acabou aqui
9600010 Tue Mar 21 02:42:00 2017 Sendo Atendido

9600016 Tue Mar 21 03:00:00 2017 Chegou
9600008 Tue Mar 21 03:12:00 2017 Sendo Atendido

9600012 Tue Mar 21 02:00:00 2017 Chegou
9600011 Tue Mar 21 02:42:00 2017 Fila MH
9600013 Tue Mar 21 03:00:00 2017 Chegou
9600018 Tue Mar 21 04:00:00 2017 Chegou

9600017 Tue Mar 21 04:00:00 2017 Chegou
9600015 Tue Mar 21 03:00:00 2017 Chegou
9600009 Tue Mar 21 03:12:00 2017 Sendo Atendido
Acabou aqui
9600016 Tue Mar 21 03:00:00 2017 Chegou

9600012 Tue Mar 21 02:00:00 2017 Chegou
9600008 Tue Mar 21 03:12:00 2017 Sendo Atendido

9600015 Tue Mar 21 03:00:00 2017 Chegou
9600011 Tue Mar 21 02:42:00 2017 Fila MH
9600010 Tue Mar 21 02:42:00 2017 Fila MH
9600013 Tue Mar 21 03:00:00 2017 Chegou

9600018 Tue Mar 21 04:00:00 2017 Chegou
9600017 Tue Mar 21 04:00:00 2017 Chegou
9600009 Tue Mar 21 03:12:00 2017 Sendo Atendido
Acabou aqui
9600012 Tue Mar 21 02:00:00 2017 Chegou

9600011 Tue Mar 21 02:42:00 2017 Fila MH
9600008 Tue Mar 21 03:12:00 2017 Sendo Atendido

9600015 Tue Mar 21 03:00:00 2017 Chegou
9600009 Tue Mar 21 03:12:00 2017 Sendo Atendido
9600010 Tue Mar 21 02:42:00 2017 Fila MH
9600016 Tue Mar 21 03:00:00 2017 Fila de Triagem

9600013 Tue Mar 21 03:00:00 2017 Chegou
9600018 Tue Mar 21 04:00:00 2017 Chegou
9600017 Tue Mar 21 04:00:00 2017 Chegou
Acabou aqui
9600012 Tue Mar 21 02:00:00 2017 Fila de Triagem

9600011 Tue Mar 21 02:42:00 2017 Fila MH
9600015 Tue Mar 21 03:00:00 2017 Chegou

9600008 Tue Mar 21 03:12:00 2017 Sendo Atendido
9600013 Tue Mar 21 03:00:00 2017 Chegou
9600009 Tue Mar 21 03:12:00 2017 Sendo Atendido
9600010 Tue Mar 21 02:42:00 2017 Fila MH

9600016 Tue Mar 21 03:00:00 2017 Fila de Triagem
9600017 Tue Mar 21 04:00:00 2017 Chegou
9600018 Tue Mar 21 04:00:00 2017 Chegou
Acabou aqui
9600012 Tue Mar 21 02:24:00 2017 Sendo Triado

9600011 Tue Mar 21 02:42:00 2017 Fila MH
9600013 Tue Mar 21 03:00:00 2017 Chegou

9600015 Tue Mar 21 03:00:00 2017 Chegou
9600008 Tue Mar 21 03:12:00 2017 Sendo Atendido
9600018 Tue Mar 21 04:00:00 2017 Chegou
9600009 Tue Mar 21 03:12:00 2017 Sendo Atendido

9600010 Tue Mar 21 02:42:00 2017 Fila MH
9600016 Tue Mar 21 03:12:00 2017 Sendo Triado
9600016 Tue Mar 21 03:12:00 2017 Sendo Triado
9600017 Tue Mar 21 04:00:00 2017 Chegou
Acabou aqui
9600012 Tue Mar 21 02:24:00 2017 Fila de Atendimento

9600011 Tue Mar 21 02:42:00 2017 Fila MH
9600015 Tue Mar 21 03:00:00 2017 Chegou

9600013 Tue Mar 21 03:00:00 2017 Chegou
9600010 Tue Mar 21 02:42:00 2017 Fila MH
9600008 Tue Mar 21 03:12:00 2017 Sendo Atendido
9600018 Tue Mar 21 04:00:00 2017 Chegou

9600009 Tue Mar 21 03:12:00 2017 Sendo Atendido
9600017 Tue Mar 21 04:00:00 2017 Chegou
9600016 Tue Mar 21 03:12:00 2017 Sendo Triado
9600016 Tue Mar 21 03:12:00 2017 Sendo Triado
Acabou aqui
9600011 Tue Mar 21 02:42:00 2017 Fila MH

9600010 Tue Mar 21 02:42:00 2017 Fila MH
9600012 Tue Mar 21 02:54:00 2017 Sendo Atendido

9600015 Tue Mar 21 03:00:00 2017 Chegou
9600013 Tue Mar 21 03:00:00 2017 Chegou
9600016 Tue Mar 21 03:12:00 2017 Sendo Triado
9600008 Tue Mar 21 03:12:00 2017 Sendo Atendido

9600018 Tue Mar 21 04:00:00 2017 Chegou
9600009 Tue Mar 21 03:12:00 2017 Sendo Atendido
9600017 Tue Mar 21 04:00:00 2017 Chegou
9600016 Tue Mar 21 03:12:00 2017 Sendo Triado
Acabou aqui
9600010 Tue Mar 21 02:48:00 2017 Fila MH

9600013 Tue Mar 21 03:00:00 2017 Chegou
9600012 Tue Mar 21 02:54:00 2017 Sendo Atendido

9600015 Tue Mar 21 03:00:00 2017 Chegou
9600016 Tue Mar 21 03:12:00 2017 Sendo Triado
9600016 Tue Mar 21 03:12:00 2017 Sendo Triado
9600008 Tue Mar 21 03:12:00 2017 Sendo Atendido

9600018 Tue Mar 21 04:00:00 2017 Chegou
9600009 Tue Mar 21 03:12:00 2017 Sendo Atendido
9600017 Tue Mar 21 04:00:00 2017 Chegou
9600011 Tue Mar 21 04:12:00 2017 Realizando MH
Acabou aqui
9600012 Tue Mar 21 02:54:00 2017 Sendo Atendido

9600013 Tue Mar 21 03:00:00 2017 Chegou
9600016 Tue Mar 21 03:12:00 2017 Sendo Triado

9600015 Tue Mar 21 03:00:00 2017 Chegou
9600010 Tue Mar 21 03:06:00 2017 Realizando MH
9600016 Tue Mar 21 03:12:00 2017 Sendo Triado
9600011 Tue Mar 21 04:12:00 2017 Realizando MH

9600008 Tue Mar 21 03:12:00 2017 Sendo Atendido
9600018 Tue Mar 21 04:00:00 2017 Chegou
9600009 Tue Mar 21 03:12:00 2017 Sendo Atendido
9600017 Tue Mar 21 04:00:00 2017 Chegou
Acabou aqui
9600012 Tue Mar 21 02:54:00 2017 Fila MH

9600016 Tue Mar 21 03:12:00 2017 Sendo Triado
9600013 Tue Mar 21 03:00:00 2017 Chegou

9600016 Tue Mar 21 03:12:00 2017 Sendo Triado
9600015 Tue Mar 21 03:00:00 2017 Chegou
9600010 Tue Mar 21 03:06:00 2017 Realizando MH
9600017 Tue Mar 21 04:00:00 2017 Chegou

9600011 Tue Mar 21 04:12:00 2017 Realizando MH
9600008 Tue Mar 21 03:12:00 2017 Sendo Atendido
9600018 Tue Mar 21 04:00:00 2017 Chegou
9600009 Tue Mar 21 03:12:00 2017 Sendo Atendido
Acabou aqui
9600016 Tue Mar 21 03:12:00 2017 Sendo Triado

9600015 Tue Mar 21 03:00:00 2017 Chegou
9600013 Tue Mar 21 03:00:00 2017 Chegou

9600016 Tue Mar 21 03:12:00 2017 Sendo Triado
9600009 Tue Mar 21 03:12:00 2017 Sendo Atendido
9600010 Tue Mar 21 03:06:00 2017 Realizando MH
9600017 Tue Mar 21 04:00:00 2017 Chegou

9600011 Tue Mar 21 04:12:00 2017 Realizando MH
9600008 Tue Mar 21 03:12:00 2017 Sendo Atendido
9600012 Tue Mar 21 03:12:00 2017 Realizando MH
9600018 Tue Mar 21 04:00:00 2017 Chegou
Acabou aqui
9600013 Tue Mar 21 03:00:00 2017 Chegou

9600015 Tue Mar 21 03:00:00 2017 Chegou
9600010 Tue Mar 21 03:06:00 2017 Realizando MH

9600016 Tue Mar 21 03:12:00 2017 Sendo Triado
9600009 Tue Mar 21 03:12:00 2017 Sendo Atendido
9600018 Tue Mar 21 04:00:00 2017 Chegou
9600017 Tue Mar 21 04:00:00 2017 Chegou

9600011 Tue Mar 21 04:12:00 2017 Realizando MH
9600008 Tue Mar 21 03:12:00 2017 Sendo Atendido
9600012 Tue Mar 21 03:12:00 2017 Realizando MH
Acabou aqui
9600013 Tue Mar 21 03:00:00 2017 Fila de Triagem

9600015 Tue Mar 21 03:00:00 2017 Chegou
9600016 Tue Mar 21 03:12:00 2017 Sendo Triado

9600010 Tue Mar 21 03:06:00 2017 Realizando MH
9600008 Tue Mar 21 03:12:00 2017 Sendo Atendido
9600009 Tue Mar 21 03:12:00 2017 Sendo Atendido
9600018 Tue Mar 21 04:00:00 2017 Chegou

9600017 Tue Mar 21 04:00:00 2017 Chegou
9600011 Tue Mar 21 04:12:00 2017 Realizando MH
9600012 Tue Mar 21 03:12:00 2017 Realizando MH
Acabou aqui
9600015 Tue Mar 21 03:00:00 2017 Chegou

9600010 Tue Mar 21 03:06:00 2017 Realizando MH
9600016 Tue Mar 21 03:12:00 2017 Sendo Triado

9600012 Tue Mar 21 03:12:00 2017 Realizando MH
9600008 Tue Mar 21 03:12:00 2017 Sendo Atendido
9600009 Tue Mar 21 03:12:00 2017 Sendo Atendido
9600013 Tue Mar 21 03:12:00 2017 Sendo Triado

9600018 Tue Mar 21 04:00:00 2017 Chegou
9600017 Tue Mar 21 04:00:00 2017 Chegou
9600011 Tue Mar 21 04:12:00 2017 Realizando MH
Acabou aqui
9600015 Tue Mar 21 03:00:00 2017 Fila de Triagem

9600010 Tue Mar 21 03:06:00 2017 Realizando MH
9600008 Tue Mar 21 03:12:00 2017 Sendo Atendido

9600016 Tue Mar 21 03:12:00 2017 Sendo Triado
9600012 Tue Mar 21 03:12:00 2017 Realizando MH
9600011 Tue Mar 21 04:12:00 2017 Realizando MH
9600009 Tue Mar 21 03:12:00 2017 Sendo Atendido

9600013 Tue Mar 21 03:12:00 2017 Sendo Triado
9600018 Tue Mar 21 04:00:00 2017 Chegou
9600017 Tue Mar 21 04:00:00 2017 Chegou
Acabou aqui
9600010 Tue Mar 21 03:06:00 2017 Realizando MH

9600016 Tue Mar 21 03:12:00 2017 Sendo Triado
9600008 Tue Mar 21 03:12:00 2017 Sendo Atendido

9600013 Tue Mar 21 03:12:00 2017 Sendo Triado
9600012 Tue Mar 21 03:12:00 2017 Realizando MH
9600011 Tue Mar 21 04:12:00 2017 Realizando MH
9600009 Tue Mar 21 03:12:00 2017 Sendo Atendido

9600015 Tue Mar 21 03:12:00 2017 Sendo Triado
9600017 Tue Mar 21 04:00:00 2017 Chegou
9600018 Tue Mar 21 04:00:00 2017 Chegou
Acabou aqui
9600010 Tue Mar 21 03:06:00 2017 Fila TL

9600016 Tue Mar 21 03:12:00 2017 Sendo Triado
9600012 Tue Mar 21 03:12:00 2017 Realizando MH

9600008 Tue Mar 21 03:12:00 2017 Sendo Atendido
9600013 Tue Mar 21 03:12:00 2017 Sendo Triado
9600018 Tue Mar 21 04:00:00 2017 Chegou
9600011 Tue Mar 21 04:12:00 2017 Realizando MH

9600009 Tue Mar 21 03:12:00 2017 Sendo Atendido
9600015 Tue Mar 21 03:12:00 2017 Sendo Triado
9600017 Tue Mar 21 04:00:00 2017 Chegou
Acabou aqui
9600016 Tue Mar 21 03:12:00 2017 Sendo Triado

9600008 Tue Mar 21 03:12:00 2017 Sendo Atendido
9600012 Tue Mar 21 03:12:00 2017 Realizando MH

9600009 Tue Mar 21 03:12:00 2017 Sendo Atendido
9600013 Tue Mar 21 03:12:00 2017 Sendo Triado
9600018 Tue Mar 21 04:00:00 2017 Chegou
9600011 Tue Mar 21 04:12:00 2017 Realizando MH

9600017 Tue Mar 21 04:00:00 2017 Chegou
9600015 Tue Mar 21 03:12:00 2017 Sendo Triado
9600010 Tue Mar 21 03:18:00 2017 Realizando TL
Acabou aqui
9600016 Tue Mar 21 03:12:00 2017 Fila de Atendimento

9600008 Tue Mar 21 03:12:00 2017 Sendo Atendido
9600009 Tue Mar 21 03:12:00 2017 Sendo Atendido

9600012 Tue Mar 21 03:12:00 2017 Realizando MH
9600015 Tue Mar 21 03:12:00 2017 Sendo Triado
9600013 Tue Mar 21 03:12:00 2017 Sendo Triado
9600018 Tue Mar 21 04:00:00 2017 Chegou

9600011 Tue Mar 21 04:12:00 2017 Realizando MH
9600017 Tue Mar 21 04:00:00 2017 Chegou
9600010 Tue Mar 21 03:18:00 2017 Realizando TL
Acabou aqui
9600008 Tue Mar 21 03:12:00 2017 Sendo Atendido

9600012 Tue Mar 21 03:12:00 2017 Realizando MH
9600009 Tue Mar 21 03:12:00 2017 Sendo Atendido

9600010 Tue Mar 21 03:18:00 2017 Realizando TL
9600015 Tue Mar 21 03:12:00 2017 Sendo Triado
9600013 Tue Mar 21 03:12:00 2017 Sendo Triado
9600016 Tue Mar 21 03:42:00 2017 Sendo Atendido

9600018 Tue Mar 21 04:00:00 2017 Chegou
9600011 Tue Mar 21 04:12:00 2017 Realizando MH
9600017 Tue Mar 21 04:00:00 2017 Chegou
Acabou aqui
9600008 Tue Mar 21 03:12:00 2017 Fila MH

9600009 Tue Mar 21 03:12:00 2017 Sendo Atendido
9600012 Tue Mar 21 03:12:00 2017 Realizando MH

9600013 Tue Mar 21 03:12:00 2017 Sendo Triado
9600010 Tue Mar 21 03:18:00 2017 Realizando TL
9600015 Tue Mar 21 03:12:00 2017 Sendo Triado
9600017 Tue Mar 21 04:00:00 2017 Chegou

9600016 Tue Mar 21 03:42:00 2017 Sendo Atendido
9600018 Tue Mar 21 04:00:00 2017 Chegou
9600011 Tue Mar 21 04:12:00 2017 Realizando MH
Acabou aqui
9600009 Tue Mar 21 03:12:00 2017 Sendo Atendido

9600013 Tue Mar 21 03:12:00 2017 Sendo Triado
9600012 Tue Mar 21 03:12:00 2017 Realizando MH

9600016 Tue Mar 21 03:42:00 2017 Sendo Atendido
9600010 Tue Mar 21 03:18:00 2017 Realizando TL
9600015 Tue Mar 21 03:12:00 2017 Sendo Triado
9600008 Tue Mar 21 03:42:00 2017 Realizando MH

9600017 Tue Mar 21 04:00:00 2017 Chegou
9600011 Tue Mar 21 04:12:00 2017 Realizando MH
9600018 Tue Mar 21 04:00:00 2017 Chegou
Acabou aqui
9600009 Tue Mar 21 03:12:00 2017 Fila MH

9600012 Tue Mar 21 03:12:00 2017 Realizando MH
9600013 Tue Mar 21 03:12:00 2017 Sendo Triado

9600015 Tue Mar 21 03:12:00 2017 Sendo Triado
9600016 Tue Mar 21 03:42:00 2017 Sendo Atendido
9600010 Tue Mar 21 03:18:00 2017 Realizando TL
9600018 Tue Mar 21 04:00:00 2017 Chegou

9600008 Tue Mar 21 03:42:00 2017 Realizando MH
9600017 Tue Mar 21 04:00:00 2017 Chegou
9600011 Tue Mar 21 04:12:00 2017 Realizando MH
Acabou aqui
9600012 Tue Mar 21 03:12:00 2017 Realizando MH

9600015 Tue Mar 21 03:12:00 2017 Sendo Triado
9600013 Tue Mar 21 03:12:00 2017 Sendo Triado

9600008 Tue Mar 21 03:42:00 2017 Realizando MH
9600016 Tue Mar 21 03:42:00 2017 Sendo Atendido
9600010 Tue Mar 21 03:18:00 2017 Realizando TL
9600009 Tue Mar 21 03:30:00 2017 Realizando MH

9600018 Tue Mar 21 04:00:00 2017 Chegou
9600011 Tue Mar 21 04:12:00 2017 Realizando MH
9600017 Tue Mar 21 04:00:00 2017 Chegou
Acabou aqui
9600012 Tue Mar 21 03:12:00 2017 Fila TL

9600013 Tue Mar 21 03:12:00 2017 Sendo Triado
9600015 Tue Mar 21 03:12:00 2017 Sendo Triado

9600010 Tue Mar 21 03:18:00 2017 Realizando TL
9600008 Tue Mar 21 03:42:00 2017 Realizando MH
9600016 Tue Mar 21 03:42:00 2017 Sendo Atendido
9600017 Tue Mar 21 04:00:00 2017 Chegou

9600009 Tue Mar 21 03:30:00 2017 Realizando MH
9600018 Tue Mar 21 04:00:00 2017 Chegou
9600011 Tue Mar 21 04:12:00 2017 Realizando MH
Acabou aqui
9600013 Tue Mar 21 03:12:00 2017 Sendo Triado

9600010 Tue Mar 21 03:18:00 2017 Realizando TL
9600015 Tue Mar 21 03:12:00 2017 Sendo Triado

9600012 Tue Mar 21 03:18:00 2017 Realizando TL
9600009 Tue Mar 21 03:30:00 2017 Realizando MH
9600008 Tue Mar 21 03:42:00 2017 Realizando MH
9600016 Tue Mar 21 03:42:00 2017 Sendo Atendido

9600017 Tue Mar 21 04:00:00 2017 Chegou
9600011 Tue Mar 21 04:12:00 2017 Realizando MH
9600018 Tue Mar 21 04:00:00 2017 Chegou
Acabou aqui
9600013 Tue Mar 21 03:12:00 2017 Fila de Atendimento

9600015 Tue Mar 21 03:12:00 2017 Sendo Triado
9600010 Tue Mar 21 03:18:00 2017 Realizando TL

9600016 Tue Mar 21 03:42:00 2017 Sendo Atendido
9600012 Tue Mar 21 03:18:00 2017 Realizando TL
9600009 Tue Mar 21 03:30:00 2017 Realizando MH
9600008 Tue Mar 21 03:42:00 2017 Realizando MH

9600018 Tue Mar 21 04:00:00 2017 Chegou
9600017 Tue Mar 21 04:00:00 2017 Chegou
9600011 Tue Mar 21 04:12:00 2017 Realizando MH
Acabou aqui
9600015 Tue Mar 21 03:12:00 2017 Sendo Triado

9600012 Tue Mar 21 03:18:00 2017 Realizando TL
9600010 Tue Mar 21 03:18:00 2017 Realizando TL

9600016 Tue Mar 21 03:42:00 2017 Sendo Atendido
9600011 Tue Mar 21 04:12:00 2017 Realizando MH
9600009 Tue Mar 21 03:30:00 2017 Realizando MH
9600008 Tue Mar 21 03:42:00 2017 Realizando MH

9600013 Tue Mar 21 03:42:00 2017 Sendo Atendido
9600018 Tue Mar 21 04:00:00 2017 Chegou
9600017 Tue Mar 21 04:00:00 2017 Chegou
Acabou aqui
9600015 Tue Mar 21 03:12:00 2017 Fila de Atendimento

9600010 Tue Mar 21 03:18:00 2017 Realizando TL
9600012 Tue Mar 21 03:18:00 2017 Realizando TL

9600009 Tue Mar 21 03:30:00 2017 Realizando MH
9600016 Tue Mar 21 03:42:00 2017 Sendo Atendido
9600011 Tue Mar 21 04:12:00 2017 Realizando MH
9600017 Tue Mar 21 04:00:00 2017 Chegou

9600008 Tue Mar 21 03:42:00 2017 Realizando MH
9600013 Tue Mar 21 03:42:00 2017 Sendo Atendido
9600018 Tue Mar 21 04:00:00 2017 Chegou
Acabou aqui
9600010 Tue Mar 21 03:18:00 2017 Realizando TL

9600009 Tue Mar 21 03:30:00 2017 Realizando MH
9600012 Tue Mar 21 03:18:00 2017 Realizando TL

9600008 Tue Mar 21 03:42:00 2017 Realizando MH
9600016 Tue Mar 21 03:42:00 2017 Sendo Atendido
9600011 Tue Mar 21 04:12:00 2017 Realizando MH
9600017 Tue Mar 21 04:00:00 2017 Chegou

9600018 Tue Mar 21 04:00:00 2017 Chegou
9600013 Tue Mar 21 03:42:00 2017 Sendo Atendido
9600015 Tue Mar 21 03:42:00 2017 Sendo Atendido
Acabou aqui
9600010 Tue Mar 21 03:18:00 2017 Fila EI

9600012 Tue Mar 21 03:18:00 2017 Realizando TL
9600009 Tue Mar 21 03:30:00 2017 Realizando MH

9600015 Tue Mar 21 03:42:00 2017 Sendo Atendido
9600008 Tue Mar 21 03:42:00 2017 Realizando MH
9600016 Tue Mar 21 03:42:00 2017 Sendo Atendido
9600011 Tue Mar 21 04:12:00 2017 Realizando MH

9600017 Tue Mar 21 04:00:00 2017 Chegou
9600018 Tue Mar 21 04:00:00 2017 Chegou
9600013 Tue Mar 21 03:42:00 2017 Sendo Atendido
Acabou aqui
9600012 Tue Mar 21 03:18:00 2017 Realizando TL

9600008 Tue Mar 21 03:42:00 2017 Realizando MH
9600009 Tue Mar 21 03:30:00 2017 Realizando MH

9600015 Tue Mar 21 03:42:00 2017 Sendo Atendido
9600013 Tue Mar 21 03:42:00 2017 Sendo Atendido
9600016 Tue Mar 21 03:42:00 2017 Sendo Atendido
9600011 Tue Mar 21 04:12:00 2017 Realizando MH

9600017 Tue Mar 21 04:00:00 2017 Chegou
9600018 Tue Mar 21 04:00:00 2017 Chegou
9600010 Tue Mar 21 04:18:00 2017 Realizando EI
Acabou aqui
9600012 Tue Mar 21 03:18:00 2017 Fila EI

9600009 Tue Mar 21 03:30:00 2017 Realizando MH
9600008 Tue Mar 21 03:42:00 2017 Realizando MH

9600016 Tue Mar 21 03:42:00 2017 Sendo Atendido
9600015 Tue Mar 21 03:42:00 2017 Sendo Atendido
9600013 Tue Mar 21 03:42:00 2017 Sendo Atendido
9600010 Tue Mar 21 04:18:00 2017 Realizando EI

9600011 Tue Mar 21 04:12:00 2017 Realizando MH
9600017 Tue Mar 21 04:00:00 2017 Chegou
9600018 Tue Mar 21 04:00:00 2017 Chegou
Acabou aqui
9600009 Tue Mar 21 03:30:00 2017 Realizando MH

9600016 Tue Mar 21 03:42:00 2017 Sendo Atendido
9600008 Tue Mar 21 03:42:00 2017 Realizando MH

9600018 Tue Mar 21 04:00:00 2017 Chegou
9600015 Tue Mar 21 03:42:00 2017 Sendo Atendido
9600013 Tue Mar 21 03:42:00 2017 Sendo Atendido
9600010 Tue Mar 21 04:18:00 2017 Realizando EI

9600011 Tue Mar 21 04:12:00 2017 Realizando MH
9600017 Tue Mar 21 04:00:00 2017 Chegou
9600012 Tue Mar 21 06:48:00 2017 Realizando EI
Acabou aqui
9600009 Tue Mar 21 03:30:00 2017 Fila TL

9600016 Tue Mar 21 03:42:00 2017 Sendo Atendido
9600015 Tue Mar 21 03:42:00 2017 Sendo Atendido

9600008 Tue Mar 21 03:42:00 2017 Realizando MH
9600018 Tue Mar 21 04:00:00 2017 Chegou
9600012 Tue Mar 21 06:48:00 2017 Realizando EI
9600013 Tue Mar 21 03:42:00 2017 Sendo Atendido

9600010 Tue Mar 21 04:18:00 2017 Realizando EI
9600011 Tue Mar 21 04:12:00 2017 Realizando MH
9600017 Tue Mar 21 04:00:00 2017 Chegou
Acabou aqui
9600009 Tue Mar 21 03:33:00 2017 Realizando TL

9600016 Tue Mar 21 03:42:00 2017 Sendo Atendido
9600008 Tue Mar 21 03:42:00 2017 Realizando MH

9600015 Tue Mar 21 03:42:00 2017 Sendo Atendido
9600017 Tue Mar 21 04:00:00 2017 Chegou
9600018 Tue Mar 21 04:00:00 2017 Chegou
9600012 Tue Mar 21 06:48:00 2017 Realizando EI

9600013 Tue Mar 21 03:42:00 2017 Sendo Atendido
9600010 Tue Mar 21 04:18:00 2017 Realizando EI
9600011 Tue Mar 21 04:12:00 2017 Realizando MH
Acabou aqui
9600009 Tue Mar 21 03:33:00 2017 Fila EI

9600016 Tue Mar 21 03:42:00 2017 Sendo Atendido
9600015 Tue Mar 21 03:42:00 2017 Sendo Atendido

9600008 Tue Mar 21 03:42:00 2017 Realizando MH
9600013 Tue Mar 21 03:42:00 2017 Sendo Atendido
9600017 Tue Mar 21 04:00:00 2017 Chegou
9600018 Tue Mar 21 04:00:00 2017 Chegou

9600012 Tue Mar 21 06:48:00 2017 Realizando EI
9600011 Tue Mar 21 04:12:00 2017 Realizando MH
9600010 Tue Mar 21 04:18:00 2017 Realizando EI
Acabou aqui
9600016 Tue Mar 21 03:42:00 2017 Sendo Atendido

9600008 Tue Mar 21 03:42:00 2017 Realizando MH
9600015 Tue Mar 21 03:42:00 2017 Sendo Atendido

9600011 Tue Mar 21 04:12:00 2017 Realizando MH
9600013 Tue Mar 21 03:42:00 2017 Sendo Atendido
9600017 Tue Mar 21 04:00:00 2017 Chegou
9600018 Tue Mar 21 04:00:00 2017 Chegou

9600012 Tue Mar 21 06:48:00 2017 Realizando EI
9600010 Tue Mar 21 04:18:00 2017 Realizando EI
9600009 Tue Mar 21 06:03:00 2017 Realizando EI
Acabou aqui
9600016 Tue Mar 21 03:42:00 2017 Fila MH

9600008 Tue Mar 21 03:42:00 2017 Realizando MH
9600013 Tue Mar 21 03:42:00 2017 Sendo Atendido

9600015 Tue Mar 21 03:42:00 2017 Sendo Atendido
9600011 Tue Mar 21 04:12:00 2017 Realizando MH
9600009 Tue Mar 21 06:03:00 2017 Realizando EI
9600017 Tue Mar 21 04:00:00 2017 Chegou

9600018 Tue Mar 21 04:00:00 2017 Chegou
9600012 Tue Mar 21 06:48:00 2017 Realizando EI
9600010 Tue Mar 21 04:18:00 2017 Realizando EI
Acabou aqui
9600008 Tue Mar 21 03:42:00 2017 Realizando MH

9600015 Tue Mar 21 03:42:00 2017 Sendo Atendido
9600013 Tue Mar 21 03:42:00 2017 Sendo Atendido

9600018 Tue Mar 21 04:00:00 2017 Chegou
9600011 Tue Mar 21 04:12:00 2017 Realizando MH
9600009 Tue Mar 21 06:03:00 2017 Realizando EI
9600017 Tue Mar 21 04:00:00 2017 Chegou

9600016 Tue Mar 21 04:12:00 2017 Realizando MH
9600010 Tue Mar 21 04:18:00 2017 Realizando EI
9600012 Tue Mar 21 06:48:00 2017 Realizando EI
Acabou aqui
9600008 Tue Mar 21 03:42:00 2017 Fila TL

9600013 Tue Mar 21 03:42:00 2017 Sendo Atendido
9600015 Tue Mar 21 03:42:00 2017 Sendo Atendido

9600017 Tue Mar 21 04:00:00 2017 Chegou
9600018 Tue Mar 21 04:00:00 2017 Chegou
9600011 Tue Mar 21 04:12:00 2017 Realizando MH
9600009 Tue Mar 21 06:03:00 2017 Realizando EI

9600012 Tue Mar 21 06:48:00 2017 Realizando EI
9600016 Tue Mar 21 04:12:00 2017 Realizando MH
9600010 Tue Mar 21 04:18:00 2017 Realizando EI
Acabou aqui
9600013 Tue Mar 21 03:42:00 2017 Sendo Atendido

9600018 Tue Mar 21 04:00:00 2017 Chegou
9600015 Tue Mar 21 03:42:00 2017 Sendo Atendido

9600017 Tue Mar 21 04:00:00 2017 Chegou
9600010 Tue Mar 21 04:18:00 2017 Realizando EI
9600011 Tue Mar 21 04:12:00 2017 Realizando MH
9600009 Tue Mar 21 06:03:00 2017 Realizando EI

9600012 Tue Mar 21 06:48:00 2017 Realizando EI
9600016 Tue Mar 21 04:12:00 2017 Realizando MH
9600008 Tue Mar 21 05:51:00 2017 Realizando TL
Acabou aqui
9600013 Tue Mar 21 03:42:00 2017 Alta

9600015 Tue Mar 21 03:42:00 2017 Sendo Atendido
9600018 Tue Mar 21 04:00:00 2017 Chegou

9600011 Tue Mar 21 04:12:00 2017 Realizando MH
9600017 Tue Mar 21 04:00:00 2017 Chegou
9600010 Tue Mar 21 04:18:00 2017 Realizando EI
9600008 Tue Mar 21 05:51:00 2017 Realizando TL

9600009 Tue Mar 21 06:03:00 2017 Realizando EI
9600012 Tue Mar 21 06:48:00 2017 Realizando EI
9600016 Tue Mar 21 04:12:00 2017 Realizando MH
Acabou aqui
9600015 Tue Mar 21 03:42:00 2017 Sendo Atendido

9600017 Tue Mar 21 04:00:00 2017 Chegou
9600018 Tue Mar 21 04:00:00 2017 Chegou

9600011 Tue Mar 21 04:12:00 2017 Realizando MH
9600016 Tue Mar 21 04:12:00 2017 Realizando MH
9600010 Tue Mar 21 04:18:00 2017 Realizando EI
9600008 Tue Mar 21 05:51:00 2017 Realizando TL

9600009 Tue Mar 21 06:03:00 2017 Realizando EI
9600012 Tue Mar 21 06:48:00 2017 Realizando EI
Acabou aqui
9600015 Tue Mar 21 03:42:00 2017 Alta

9600018 Tue Mar 21 04:00:00 2017 Chegou
9600017 Tue Mar 21 04:00:00 2017 Chegou

9600010 Tue Mar 21 04:18:00 2017 Realizando EI
9600011 Tue Mar 21 04:12:00 2017 Realizando MH
9600016 Tue Mar 21 04:12:00 2017 Realizando MH
9600012 Tue Mar 21 06:48:00 2017 Realizando EI

9600008 Tue Mar 21 05:51:00 2017 Realizando TL
9600009 Tue Mar 21 06:03:00 2017 Realizando EI
Acabou aqui
9600018 Tue Mar 21 04:00:00 2017 Chegou

9600011 Tue Mar 21 04:12:00 2017 Realizando MH
9600017 Tue Mar 21 04:00:00 2017 Chegou

9600010 Tue Mar 21 04:18:00 2017 Realizando EI
9600009 Tue Mar 21 06:03:00 2017 Realizando EI
9600016 Tue Mar 21 04:12:00 2017 Realizando MH
9600012 Tue Mar 21 06:48:00 2017 Realizando EI

9600008 Tue Mar 21 05:51:00 2017 Realizando TL
Acabou aqui
9600018 Tue Mar 21 04:00:00 2017 Fila de Triagem

9600017 Tue Mar 21 04:00:00 2017 Chegou
9600011 Tue Mar 21 04:12:00 2017 Realizando MH

9600016 Tue Mar 21 04:12:00 2017 Realizando MH
9600010 Tue Mar 21 04:18:00 2017 Realizando EI
9600009 Tue Mar 21 06:03:00 2017 Realizando EI
9600008 Tue Mar 21 05:51:00 2017 Realizando TL

9600012 Tue Mar 21 06:48:00 2017 Realizando EI
Acabou aqui
9600017 Tue Mar 21 04:00:00 2017 Chegou

9600016 Tue Mar 21 04:12:00 2017 Realizando MH
9600011 Tue Mar 21 04:12:00 2017 Realizando MH

9600018 Tue Mar 21 04:12:00 2017 Sendo Triado
9600012 Tue Mar 21 06:48:00 2017 Realizando EI
9600010 Tue Mar 21 04:18:00 2017 Realizando EI
9600009 Tue Mar 21 06:03:00 2017 Realizando EI

9600008 Tue Mar 21 05:51:00 2017 Realizando TL
Acabou aqui
9600017 Tue Mar 21 04:00:00 2017 Fila de Triagem

9600011 Tue Mar 21 04:12:00 2017 Realizando MH
9600016 Tue Mar 21 04:12:00 2017 Realizando MH

9600010 Tue Mar 21 04:18:00 2017 Realizando EI
9600018 Tue Mar 21 04:12:00 2017 Sendo Triado
9600012 Tue Mar 21 06:48:00 2017 Realizando EI
9600008 Tue Mar 21 05:51:00 2017 Realizando TL

9600009 Tue Mar 21 06:03:00 2017 Realizando EI
Acabou aqui
9600011 Tue Mar 21 04:12:00 2017 Realizando MH

9600018 Tue Mar 21 04:12:00 2017 Sendo Triado
9600016 Tue Mar 21 04:12:00 2017 Realizando MH

9600017 Tue Mar 21 04:12:00 2017 Sendo Triado
9600010 Tue Mar 21 04:18:00 2017 Realizando EI
9600009 Tue Mar 21 06:03:00 2017 Realizando EI
9600012 Tue Mar 21 06:48:00 2017 Realizando EI

9600008 Tue Mar 21 05:51:00 2017 Realizando TL
Acabou aqui
9600011 Tue Mar 21 04:12:00 2017 Fila TL

9600016 Tue Mar 21 04:12:00 2017 Realizando MH
9600018 Tue Mar 21 04:12:00 2017 Sendo Triado

9600008 Tue Mar 21 05:51:00 2017 Realizando TL
9600017 Tue Mar 21 04:12:00 2017 Sendo Triado
9600010 Tue Mar 21 04:18:00 2017 Realizando EI
9600009 Tue Mar 21 06:03:00 2017 Realizando EI

9600012 Tue Mar 21 06:48:00 2017 Realizando EI
Acabou aqui
9600016 Tue Mar 21 04:12:00 2017 Realizando MH

9600017 Tue Mar 21 04:12:00 2017 Sendo Triado
9600018 Tue Mar 21 04:12:00 2017 Sendo Triado

9600008 Tue Mar 21 05:51:00 2017 Realizando TL
9600012 Tue Mar 21 06:48:00 2017 Realizando EI
9600010 Tue Mar 21 04:18:00 2017 Realizando EI
9600011 Tue Mar 21 05:36:00 2017 Realizando TL

9600009 Tue Mar 21 06:03:00 2017 Realizando EI
Acabou aqui
9600016 Tue Mar 21 04:12:00 2017 Fila TL

9600018 Tue Mar 21 04:12:00 2017 Sendo Triado
9600017 Tue Mar 21 04:12:00 2017 Sendo Triado

9600010 Tue Mar 21 04:18:00 2017 Realizando EI
9600008 Tue Mar 21 05:51:00 2017 Realizando TL
9600012 Tue Mar 21 06:48:00 2017 Realizando EI
9600009 Tue Mar 21 06:03:00 2017 Realizando EI

9600011 Tue Mar 21 05:36:00 2017 Realizando TL
Acabou aqui
9600018 Tue Mar 21 04:12:00 2017 Sendo Triado

9600010 Tue Mar 21 04:18:00 2017 Realizando EI
9600017 Tue Mar 21 04:12:00 2017 Sendo Triado

9600016 Tue Mar 21 04:54:00 2017 Realizando TL
9600011 Tue Mar 21 05:36:00 2017 Realizando TL
9600008 Tue Mar 21 05:51:00 2017 Realizando TL
9600012 Tue Mar 21 06:48:00 2017 Realizando EI

9600009 Tue Mar 21 06:03:00 2017 Realizando EI
Acabou aqui
9600018 Tue Mar 21 04:12:00 2017 Fila de Atendimento

9600017 Tue Mar 21 04:12:00 2017 Sendo Triado
9600010 Tue Mar 21 04:18:00 2017 Realizando EI

9600008 Tue Mar 21 05:51:00 2017 Realizando TL
9600016 Tue Mar 21 04:54:00 2017 Realizando TL
9600011 Tue Mar 21 05:36:00 2017 Realizando TL
9600009 Tue Mar 21 06:03:00 2017 Realizando EI

9600012 Tue Mar 21 06:48:00 2017 Realizando EI
Acabou aqui
9600017 Tue Mar 21 04:12:00 2017 Sendo Triado

9600016 Tue Mar 21 04:54:00 2017 Realizando TL
9600010 Tue Mar 21 04:18:00 2017 Realizando EI

9600018 Tue Mar 21 04:42:00 2017 Sendo Atendido
9600008 Tue Mar 21 05:51:00 2017 Realizando TL
9600012 Tue Mar 21 06:48:00 2017 Realizando EI
9600011 Tue Mar 21 05:36:00 2017 Realizando TL

9600009 Tue Mar 21 06:03:00 2017 Realizando EI
Acabou aqui
9600017 Tue Mar 21 04:12:00 2017 Fila de Atendimento

9600010 Tue Mar 21 04:18:00 2017 Realizando EI
9600016 Tue Mar 21 04:54:00 2017 Realizando TL

9600011 Tue Mar 21 05:36:00 2017 Realizando TL
9600018 Tue Mar 21 04:42:00 2017 Sendo Atendido
9600008 Tue Mar 21 05:51:00 2017 Realizando TL
9600012 Tue Mar 21 06:48:00 2017 Realizando EI

9600009 Tue Mar 21 06:03:00 2017 Realizando EI
Acabou aqui
9600010 Tue Mar 21 04:18:00 2017 Realizando EI

9600018 Tue Mar 21 04:42:00 2017 Sendo Atendido
9600017 Tue Mar 21 04:42:00 2017 Sendo Atendido

9600016 Tue Mar 21 04:54:00 2017 Realizando TL
9600011 Tue Mar 21 05:36:00 2017 Realizando TL
9600009 Tue Mar 21 06:03:00 2017 Realizando EI
9600008 Tue Mar 21 05:51:00 2017 Realizando TL

9600012 Tue Mar 21 06:48:00 2017 Realizando EI
Acabou aqui
9600010 Tue Mar 21 04:18:00 2017 Fila IM

9600018 Tue Mar 21 04:42:00 2017 Sendo Atendido
9600016 Tue Mar 21 04:54:00 2017 Realizando TL

9600017 Tue Mar 21 04:42:00 2017 Sendo Atendido
9600012 Tue Mar 21 06:48:00 2017 Realizando EI
9600011 Tue Mar 21 05:36:00 2017 Realizando TL
9600009 Tue Mar 21 06:03:00 2017 Realizando EI

9600008 Tue Mar 21 05:51:00 2017 Realizando TL
Acabou aqui
9600010 Tue Mar 21 04:42:00 2017 Realizando IM

9600018 Tue Mar 21 04:42:00 2017 Sendo Atendido
9600017 Tue Mar 21 04:42:00 2017 Sendo Atendido

9600016 Tue Mar 21 04:54:00 2017 Realizando TL
9600008 Tue Mar 21 05:51:00 2017 Realizando TL
9600012 Tue Mar 21 06:48:00 2017 Realizando EI
9600011 Tue Mar 21 05:36:00 2017 Realizando TL

9600009 Tue Mar 21 06:03:00 2017 Realizando EI
Acabou aqui
9600010 Tue Mar 21 04:42:00 2017 Alta

9600018 Tue Mar 21 04:42:00 2017 Sendo Atendido
9600016 Tue Mar 21 04:54:00 2017 Realizando TL

9600017 Tue Mar 21 04:42:00 2017 Sendo Atendido
9600009 Tue Mar 21 06:03:00 2017 Realizando EI
9600008 Tue Mar 21 05:51:00 2017 Realizando TL
9600012 Tue Mar 21 06:48:00 2017 Realizando EI

9600011 Tue Mar 21 05:36:00 2017 Realizando TL
Acabou aqui
9600018 Tue Mar 21 04:42:00 2017 Sendo Atendido

9600017 Tue Mar 21 04:42:00 2017 Sendo Atendido
9600016 Tue Mar 21 04:54:00 2017 Realizando TL

9600011 Tue Mar 21 05:36:00 2017 Realizando TL
9600009 Tue Mar 21 06:03:00 2017 Realizando EI
9600008 Tue Mar 21 05:51:00 2017 Realizando TL
9600012 Tue Mar 21 06:48:00 2017 Realizando EI

Acabou aqui
9600018 Tue Mar 21 04:42:00 2017 Fila MH

9600017 Tue Mar 21 04:42:00 2017 Sendo Atendido
9600011 Tue Mar 21 05:36:00 2017 Realizando TL

9600016 Tue Mar 21 04:54:00 2017 Realizando TL
9600012 Tue Mar 21 06:48:00 2017 Realizando EI
9600009 Tue Mar 21 06:03:00 2017 Realizando EI
9600008 Tue Mar 21 05:51:00 2017 Realizando TL

Acabou aqui
9600017 Tue Mar 21 04:42:00 2017 Sendo Atendido

9600016 Tue Mar 21 04:54:00 2017 Realizando TL
9600018 Tue Mar 21 04:54:00 2017 Realizando MH

9600011 Tue Mar 21 05:36:00 2017 Realizando TL
9600008 Tue Mar 21 05:51:00 2017 Realizando TL
9600012 Tue Mar 21 06:48:00 2017 Realizando EI
9600009 Tue Mar 21 06:03:00 2017 Realizando EI

Acabou aqui
9600017 Tue Mar 21 04:42:00 2017 Alta

9600016 Tue Mar 21 04:54:00 2017 Realizando TL
9600011 Tue Mar 21 05:36:00 2017 Realizando TL

9600018 Tue Mar 21 04:54:00 2017 Realizando MH
9600009 Tue Mar 21 06:03:00 2017 Realizando EI
9600008 Tue Mar 21 05:51:00 2017 Realizando TL
9600012 Tue Mar 21 06:48:00 2017 Realizando EI

Acabou aqui
9600016 Tue Mar 21 04:54:00 2017 Realizando TL

9600018 Tue Mar 21 04:54:00 2017 Realizando MH
9600011 Tue Mar 21 05:36:00 2017 Realizando TL

9600012 Tue Mar 21 06:48:00 2017 Realizando EI
9600009 Tue Mar 21 06:03:00 2017 Realizando EI
9600008 Tue Mar 21 05:51:00 2017 Realizando TL
Acabou aqui
9600016 Tue Mar 21 04:54:00 2017 Fila EI

9600018 Tue Mar 21 04:54:00 2017 Realizando MH
9600008 Tue Mar 21 05:51:00 2017 Realizando TL

9600011 Tue Mar 21 05:36:00 2017 Realizando TL
9600012 Tue Mar 21 06:48:00 2017 Realizando EI
9600009 Tue Mar 21 06:03:00 2017 Realizando EI
Acabou aqui
9600018 Tue Mar 21 04:54:00 2017 Realizando MH

9600016 Tue Mar 21 05:24:00 2017 Realizando EI
9600011 Tue Mar 21 05:36:00 2017 Realizando TL

9600008 Tue Mar 21 05:51:00 2017 Realizando TL
9600009 Tue Mar 21 06:03:00 2017 Realizando EI
9600012 Tue Mar 21 06:48:00 2017 Realizando EI
Acabou aqui
9600018 Tue Mar 21 04:54:00 2017 Fila TL

9600016 Tue Mar 21 05:24:00 2017 Realizando EI
9600008 Tue Mar 21 05:51:00 2017 Realizando TL

9600011 Tue Mar 21 05:36:00 2017 Realizando TL
9600012 Tue Mar 21 06:48:00 2017 Realizando EI
9600009 Tue Mar 21 06:03:00 2017 Realizando EI
Acabou aqui
9600018 Tue Mar 21 05:18:00 2017 Realizando TL

9600016 Tue Mar 21 05:24:00 2017 Realizando EI
9600011 Tue Mar 21 05:36:00 2017 Realizando TL

9600008 Tue Mar 21 05:51:00 2017 Realizando TL
9600009 Tue Mar 21 06:03:00 2017 Realizando EI
9600012 Tue Mar 21 06:48:00 2017 Realizando EI
Acabou aqui
9600018 Tue Mar 21 05:18:00 2017 Fila EI

9600016 Tue Mar 21 05:24:00 2017 Realizando EI
9600008 Tue Mar 21 05:51:00 2017 Realizando TL

9600011 Tue Mar 21 05:36:00 2017 Realizando TL
9600012 Tue Mar 21 06:48:00 2017 Realizando EI
9600009 Tue Mar 21 06:03:00 2017 Realizando EI
Acabou aqui
9600016 Tue Mar 21 05:24:00 2017 Realizando EI

9600011 Tue Mar 21 05:36:00 2017 Realizando TL
9600008 Tue Mar 21 05:51:00 2017 Realizando TL

9600009 Tue Mar 21 06:03:00 2017 Realizando EI
9600018 Tue Mar 21 06:48:00 2017 Realizando EI
9600012 Tue Mar 21 06:48:00 2017 Realizando EI
Acabou aqui
9600016 Tue Mar 21 05:24:00 2017 Fila IM

9600011 Tue Mar 21 05:36:00 2017 Realizando TL
9600009 Tue Mar 21 06:03:00 2017 Realizando EI

9600008 Tue Mar 21 05:51:00 2017 Realizando TL
9600012 Tue Mar 21 06:48:00 2017 Realizando EI
9600018 Tue Mar 21 06:48:00 2017 Realizando EI
Acabou aqui
9600011 Tue Mar 21 05:36:00 2017 Realizando TL

9600008 Tue Mar 21 05:51:00 2017 Realizando TL
9600009 Tue Mar 21 06:03:00 2017 Realizando EI

9600016 Tue Mar 21 06:48:00 2017 Realizando IM
9600018 Tue Mar 21 06:48:00 2017 Realizando EI
9600012 Tue Mar 21 06:48:00 2017 Realizando EI
Acabou aqui
9600011 Tue Mar 21 05:36:00 2017 Fila EI

9600008 Tue Mar 21 05:51:00 2017 Realizando TL
9600016 Tue Mar 21 06:48:00 2017 Realizando IM

9600009 Tue Mar 21 06:03:00 2017 Realizando EI
9600012 Tue Mar 21 06:48:00 2017 Realizando EI
9600018 Tue Mar 21 06:48:00 2017 Realizando EI
Acabou aqui
9600008 Tue Mar 21 05:51:00 2017 Realizando TL

9600009 Tue Mar 21 06:03:00 2017 Realizando EI
9600016 Tue Mar 21 06:48:00 2017 Realizando IM

9600018 Tue Mar 21 06:48:00 2017 Realizando EI
9600012 Tue Mar 21 06:48:00 2017 Realizando EI
9600011 Tue Mar 21 07:36:00 2017 Realizando EI
Acabou aqui
9600008 Tue Mar 21 05:51:00 2017 Fila EI

9600009 Tue Mar 21 06:03:00 2017 Realizando EI
9600018 Tue Mar 21 06:48:00 2017 Realizando EI

9600016 Tue Mar 21 06:48:00 2017 Realizando IM
9600011 Tue Mar 21 07:36:00 2017 Realizando EI
9600012 Tue Mar 21 06:48:00 2017 Realizando EI
Acabou aqui
9600009 Tue Mar 21 06:03:00 2017 Realizando EI

9600016 Tue Mar 21 06:48:00 2017 Realizando IM
9600018 Tue Mar 21 06:48:00 2017 Realizando EI

9600012 Tue Mar 21 06:48:00 2017 Realizando EI
9600008 Tue Mar 21 06:51:00 2017 Realizando EI
9600011 Tue Mar 21 07:36:00 2017 Realizando EI
Acabou aqui
